1122510
1134982
1141073
1141121
1141128
1030368
1134858
1134987
1141077
1141124
1052189
1134859
1134988
1141078
1141125
1134854
1134984
1141074
1141122
1141130
1110077
1134860
1141071
1141079
1134857
1134985
1141076
1141123
1155765
1029817
1113777
1141976
1142039
1141127
1133843
216955
217022
217029
217057
1133844
216956
217023
217052
217058
422496
1133842
216954
217021
217028
217056
422493
1133760
216953
216960
217027
217055
217105
1122591
1133846
216959
217025
217054
217103
174446
1133845
216957
217024
217053
217102
505053
505060
1114370
1114436
503738
503796
505055
1114431
1114439
503740
503797
503893
1114368
1114435
503737
503794
503891
506634
422495
1040595
1102746
135135
135191
217279
505056
1114432
1114440
503791
503798
506631
1052125
1102747
135136
135192
217280
507472
506637
1102744
135133
135139
154084
507408
503892
506635
1052126
1102748
135137
135196
217321
506636
1052128
1102749
135138
135197
217322
1102745
135134
135140
163326
507409
507477
639948
507475
597698
1114604
1142084
809469
507501
1114602
1114608
135572
810930
507410
507480
1114601
1114607
135571
810928
1014587
1114606
1142087
810926
810945
507473
597697
1114603
1139463
485592
810941
810946
1113775
1141973
1142037
810947
1113776
1141975
1142038
507476
1113772
1141949
1142031
1160862
810942
810949
1113771
1134767
1141977
1113773
1141950
1142036
1160863
819781
810948
1155770
1197365
213675
819497
153856
819786
1155769
1197364
213673
819496
1142040
819654
1155801
1197366
213676
819655
1155766
1155802
135360
418632
821002
153855
819784
1155768
1160730
185266
418634
1155767
1155803
162136
418633
821003
824003
821004
824005
1114434
503735
503793
503800
1114433
1193366
503792
503799
506632
506638
821008
824064
505059
810366
821410
506633
506639
828186
505058
810365
821409
828185
505057
810364
821408
827316
876648
823919
1114605
1142085
809470
810944
827319
876650
876737
876755
876803
819499
823917
824067
689502
810369
827317
876649
876736
876754
876802
876752
689503
810412
827315
876647
821009
810368
827313
876644
876731
876735
876753
876801
878174
878180
876739
877989
876757
876804
827314
876646
876732
877983
876759
876734
877984
876760
878173
878171
878178
882052
819872
878175
878201
821545
824440
878177
878204
819788
821582
878179
882053
821541
824438
821544
824439
824489
882839
882881
878176
878202
821548
824481
882832
882873
882885
877987
877985
878085
879544
894502
824490
882871
882884
877986
821583
824485
882837
882877
878081
879458
880930
933469
882904
824483
882833
882875
878090
878086
879545
894503
980575
889688
899919
910653
882058
824487
882838
882880
878083
879542
878089
879546
894504
957530
889685
880929
917711
882886
957611
824065
957529
889684
899916
899922
882055
899917
899923
882056
970775
970777
804956
809761
881012
828182
980574
957528
879890
899915
899921
891973
980572
957527
824068
889689
899920
966268
889687
899918
906626
882057
882054
882173
996088
999264
506641
828189
999266
804954
805051
809767
882059
970932
604596
804957
809763
970773
999265
804953
804960
809766
914823
828184
986259
970776
804955
805053
881011
828181
966267
999267
804959
809765